81 0.5828827209472657 0.56925732421875 0.11520062255859374 0.32983626302083335 0.8284867405891418
81 0.18285317993164063 0.2451983642578125 0.061008544921875 0.0555704345703125 0.8255063891410828
81 0.37419169616699216 0.570023946126302 0.07703030395507812 0.2833614501953125 0.7675146460533142
81 0.713302978515625 0.5234566853841146 0.050120361328125 0.23374881998697916 0.7272816896438599
81 0.7672113037109375 0.29465191650390626 0.0552120361328125 0.054467854817708335 0.7185744047164917
81 0.4888411407470703 0.5628047892252604 0.050640960693359376 0.21129081217447918 0.7020450234413147
81 0.4065731506347656 0.32614058430989584 0.07408697509765624 0.251436767578125 0.6862993240356445
81 0.12737168884277345 0.529348368326823 0.06993878173828125 0.36815140787760414 0.6687430143356323
81 0.06263905715942383 0.21956815592447917 0.060959617614746095 0.0625140380859375 0.6662877202033997
81 0.11202238082885742 0.21900987752278644 0.03829428863525391 0.04021506754557291 0.6611936688423157
81 0.5401842498779297 0.4342005208333333 0.06422207641601563 0.05952742513020833 0.648883044719696
81 0.7256429138183593 0.2873388875325521 0.03197271728515625 0.038801554361979164 0.6451859474182129
81 0.7719196166992187 0.2288112080891927 0.048559814453125 0.06203753662109375 0.6138063669204712
81 0.10528485107421875 0.3086856587727865 0.041377105712890626 0.05690789794921875 0.5812184810638428
81 0.46377694702148436 0.16386333719889323 0.0411251220703125 0.033196990966796874 0.5748120546340942
