81 0.8328532409667969 0.6017217203776042 0.14054168701171876 0.15140974934895834 0.9915281534194946
81 0.5506171569824219 0.5779215698242187 0.09426055908203125 0.1257589111328125 0.9577018022537231
81 0.2907313690185547 0.5813872273763021 0.06688412475585938 0.14410257975260415 0.8750172853469849
81 0.1989892578125 0.5845015055338542 0.10428167724609375 0.09846232096354167 0.8591097593307495
81 0.6501145629882813 0.5726340535481771 0.0849962158203125 0.1184896240234375 0.7988306283950806
81 0.13567951202392578 0.5789592895507812 0.03577323913574219 0.07945406087239583 0.7893651127815247
81 0.4158741760253906 0.5829395548502604 0.080989013671875 0.13968778483072916 0.7720495462417603
81 0.6152647399902343 0.5794935709635417 0.06155169677734375 0.11203776041666667 0.7626928091049194
81 0.7147066345214844 0.5756229248046875 0.07918585205078126 0.10353841145833333 0.6564511656761169
81 0.7702015075683594 0.5678158365885416 0.10552886962890624 0.08497428385416667 0.6318732500076294
81 0.7370377197265625 0.6032205810546875 0.02923095703125 0.040365966796875 0.6082899570465088
