81 0.8643996887207032 0.4357441280697201 0.17316973876953126 0.1402257283528646 0.9676303267478943
81 0.12202052307128906 0.3787263864511484 0.09898974609375 0.15108687025648695 0.8971810936927795
81 0.5749015197753906 0.5227858855559662 0.14775323486328126 0.1553770414701811 0.857934832572937
81 0.8505110168457031 0.661157373193506 0.20058819580078124 0.18629322682057056 0.7638995051383972
81 0.9795122985839844 0.43536351750920843 0.04168377685546875 0.1531485251120261 0.7507752776145935
81 0.9474823913574218 0.7278921453802435 0.10775701904296875 0.2301031347509619 0.7330994009971619
81 0.38095237731933596 0.47068213843726536 0.11927401733398438 0.16291932801942569 0.7276503443717957
81 0.5542641906738281 0.42756615028725015 0.14322186279296875 0.09616613531255866 0.6984170079231262
81 0.9399772033691406 0.37236262370158246 0.12754095458984374 0.14271630181206596 0.6950218677520752
81 0.6317347412109375 0.675790070771455 0.194997802734375 0.23434562797660943 0.6922866702079773
81 0.6618931884765625 0.43314848433027753 0.1403544921875 0.16174868563631992 0.6721434593200684
81 0.4678728332519531 0.5118867341462556 0.13593804931640624 0.1572057592260229 0.6618199348449707
81 0.31642860412597656 0.47596969833603137 0.07878018188476563 0.16238614102383633 0.6370342373847961
81 0.2647779541015625 0.45212316656255863 0.1883721923828125 0.1921919630812453 0.6365642547607422
81 0.5906749267578125 0.6070365791206245 0.11299169921875 0.09337604511249531 0.5969191193580627
