81 0.12862331584348516 0.8460662364959717 0.19737521672652938 0.2358769416809082 0.788332998752594
81 0.5373128147448524 0.17050333619117736 0.20787274635444253 0.13342779874801636 0.7269147634506226
81 0.39592802726616294 0.6180524826049805 0.18843961166123213 0.15826358795166015 0.69292151927948
81 0.8286671072749768 0.857638168334961 0.20805378283484507 0.2404947280883789 0.6559351682662964
81 0.6276607836707163 0.5872114419937133 0.6530773356809454 0.213454008102417 0.6439211964607239
81 0.8581689091052039 0.1496146500110626 0.17759898557501325 0.14552773237228395 0.638279139995575
81 0.491292921163268 0.7319194793701171 0.9758850356279793 0.5000324249267578 0.6381677389144897
81 0.8922655137918764 0.3455169558525085 0.06418622550317797 0.07356817722320556 0.630077064037323
81 0.14653769994186142 0.6057762384414673 0.24087243160959018 0.17065300941467285 0.6262720823287964
81 0.448967998310671 0.8048371315002442 0.1688894174866757 0.18674182891845703 0.6220801472663879
81 0.6309122311866889 0.3043803572654724 0.16206418053578522 0.10562355518341064 0.6219078898429871
81 0.6220487820900092 0.8529272079467773 0.1975826974642479 0.23912391662597657 0.6177405714988708
81 0.7149084705417439 0.16909408569335938 0.14019749528270656 0.1242558479309082 0.6130023002624512
81 0.48052260835291977 0.2311755657196045 0.9727674581236758 0.2515517234802246 0.6093981266021729
81 0.2961074053230932 0.8400434970855712 0.4863214654437566 0.2454970359802246 0.6001508831977844
81 0.37397717621366855 0.6138455152511597 0.688579042079085 0.14976048469543457 0.5914410948753357
